%YAML:1.0
---
CameraExtrinsicMat: !!opencv-matrix
   rows: 4
   cols: 4
   dt: d
   data: [ 2.4602661838872626e-02, -9.4074314412233617e-01,
       -3.3822632336538205e-01, -5.1849384307861328e+00,
       9.9969510143325646e-01, 2.2440778848491966e-02,
       1.0301243372744906e-02, -7.9781532287597656e-01,
       -2.1007619554644086e-03, -3.3837663665137258e-01,
       9.4100841577942973e-01, -9.0952223539352417e-01, 0., 0., 0., 1. ]
CameraMat: !!opencv-matrix
   rows: 3
   cols: 3
   dt: d
   data: [ 2.1624000000000001e+03, 0., 1.2565400000000000e+03, 0.,
       2.1530999999999999e+03, 7.7198969999999997e+02, 0., 0., 1. ]
DistCoeff: !!opencv-matrix
   rows: 1
   cols: 5
   dt: d
   data: [ 0., 0., 0., 0., 0. ]
ImageSize: [ 2560, 1536 ]
ReprojectionError: 0
DistModel: plumb_bob
