%YAML:1.0
---
CameraExtrinsicMat: !!opencv-matrix
   rows: 4
   cols: 4
   dt: d
   data: [ 1.0026993957614059e-02, -9.3726841419173490e-01,
       -3.4846431546240753e-01, -3.7429244518280029e+00,
       9.9989836340442384e-01, 5.8658642160727588e-03,
       1.2994402570068314e-02, -5.0166374444961548e-01,
       -1.0135198731567652e-02, -3.4855919353175713e-01,
       9.3723197040602602e-01, -6.5826636552810669e-01, 0., 0., 0., 1. ]
CameraMat: !!opencv-matrix
   rows: 3
   cols: 3
   dt: d
   data: [ 2.1624000000000001e+03, 0., 1.2565400000000000e+03, 0.,
       2.1530999999999999e+03, 7.7198969999999997e+02, 0., 0., 1. ]
DistCoeff: !!opencv-matrix
   rows: 1
   cols: 5
   dt: d
   data: [ 0., 0., 0., 0., 0. ]
ImageSize: [ 2560, 1536 ]
ReprojectionError: 0
DistModel: plumb_bob
