%YAML:1.0
---
CameraExtrinsicMat: !!opencv-matrix
   rows: 4
   cols: 4
   dt: d
   data: [ -3.9501955033478239e-02, -9.2213869217334321e-01,
       -3.8483740455596216e-01, 3.5281105041503906e+00,
       9.9875172561520231e-01, -4.8220920147371997e-02,
       1.3028178721393557e-02, 3.5458698868751526e-01,
       -3.0571001442361384e-02, -3.8384238335152226e-01,
       9.2289243068400673e-01, 6.5965348482131958e-01, 0., 0., 0., 1. ]
CameraMat: !!opencv-matrix
   rows: 3
   cols: 3
   dt: d
   data: [ 2.1624000000000001e+03, 0., 1.2565400000000000e+03, 0.,
       2.1530999999999999e+03, 7.7198969999999997e+02, 0., 0., 1. ]
DistCoeff: !!opencv-matrix
   rows: 1
   cols: 5
   dt: d
   data: [ -7.2909999999999997e-01, 7.5480000000000003e-01, 0., 0., 0. ]
ImageSize: [ 2560, 1536 ]
ReprojectionError: 0
DistModel: plumb_bob
