%YAML:1.0
---
CameraExtrinsicMat: !!opencv-matrix
   rows: 4
   cols: 4
   dt: d
   data: [ -4.9466372121882540e-02, -9.2750085598002407e-01,
       -3.7053372341181323e-01, 2.7804417610168457e+00,
       9.9848042432024287e-01, -5.4944453775579542e-02,
       4.2366553519336547e-03, 1.3868063688278198e-01,
       -2.4288274503704604e-02, -3.6976109740699592e-01,
       9.2880935103281959e-01, 5.5526804924011230e-01, 0., 0., 0., 1. ]
CameraMat: !!opencv-matrix
   rows: 3
   cols: 3
   dt: d
   data: [ 2.1624000000000001e+03, 0., 1.2565400000000000e+03, 0.,
       2.1530999999999999e+03, 7.7198969999999997e+02, 0., 0., 1. ]
DistCoeff: !!opencv-matrix
   rows: 1
   cols: 5
   dt: d
   data: [ -7.2909999999999997e-01, 7.5480000000000003e-01, 0., 0., 0. ]
ImageSize: [ 2560, 1536 ]
ReprojectionError: 0
DistModel: plumb_bob
