%YAML:1.0
---
CameraExtrinsicMat: !!opencv-matrix
   rows: 4
   cols: 4
   dt: d
   data: [ 1.5220286048949608e-02, -9.3962977575436479e-01,
       -3.4185410251800447e-01, -4.8054041862487793e+00,
       9.9988327589125747e-01, 1.3847204441270983e-02,
       6.4567423774976596e-03, -7.6767122745513916e-01,
       -1.3332237456178397e-03, -3.4191247336849795e-01,
       9.3973085671881640e-01, -8.0953031778335571e-01, 0., 0., 0., 1. ]
CameraMat: !!opencv-matrix
   rows: 3
   cols: 3
   dt: d
   data: [ 2.1624000000000001e+03, 0., 1.2565400000000000e+03, 0.,
       2.1530999999999999e+03, 7.7198969999999997e+02, 0., 0., 1. ]
DistCoeff: !!opencv-matrix
   rows: 1
   cols: 5
   dt: d
   data: [ 0., 0., 0., 0., 0. ]
ImageSize: [ 2560, 1536 ]
ReprojectionError: 0
DistModel: plumb_bob
