%YAML:1.0
---
CameraExtrinsicMat: !!opencv-matrix
   rows: 4
   cols: 4
   dt: d
   data: [ 2.5538742941995374e-03, -9.3311392628269196e-01,
       -3.5957179853735516e-01, -3.9390549659729004e+00,
       9.9959194073768898e-01, 1.2612155297865524e-02,
       -2.5629778598395658e-02, -1.4164420366287231e+00,
       2.8450478701591064e-02, -3.5935961670176775e-01,
       9.3276537036149043e-01, -3.2848763465881348e-01, 0., 0., 0., 1. ]
CameraMat: !!opencv-matrix
   rows: 3
   cols: 3
   dt: d
   data: [ 2.1624000000000001e+03, 0., 1.2565400000000000e+03, 0.,
       2.1530999999999999e+03, 7.7198969999999997e+02, 0., 0., 1. ]
DistCoeff: !!opencv-matrix
   rows: 1
   cols: 5
   dt: d
   data: [ 0., 0., 0., 0., 0. ]
ImageSize: [ 2560, 1536 ]
ReprojectionError: 0
DistModel: plumb_bob
