%YAML:1.0
---
CameraExtrinsicMat: !!opencv-matrix
   rows: 4
   cols: 4
   dt: d
   data: [ -3.8373028862205873e-02, -9.2089652394404553e-01,
       -3.8791378274523092e-01, 3.3856019973754883e+00,
       9.9889915561347420e-01, -4.5832572411708586e-02,
       9.9926083088238138e-03, 2.9594948887825012e-01,
       -2.6981244793900822e-02, -3.8710330338799664e-01,
       9.2164149479907431e-01, 7.1920043230056763e-01, 0., 0., 0., 1. ]
CameraMat: !!opencv-matrix
   rows: 3
   cols: 3
   dt: d
   data: [ 2.1624000000000001e+03, 0., 1.2565400000000000e+03, 0.,
       2.1530999999999999e+03, 7.7198969999999997e+02, 0., 0., 1. ]
DistCoeff: !!opencv-matrix
   rows: 1
   cols: 5
   dt: d
   data: [ -7.2909999999999997e-01, 7.5480000000000003e-01, 0., 0., 0. ]
ImageSize: [ 2560, 1536 ]
ReprojectionError: 0
DistModel: plumb_bob
