%YAML:1.0
---
CameraExtrinsicMat: !!opencv-matrix
   rows: 4
   cols: 4
   dt: d
   data: [ -4.2720507988493951e-02, -9.2339572942766268e-01,
       -3.8146465769709237e-01, 3.4966502189636230e+00,
       9.9880319699878761e-01, -4.8573774116833258e-02,
       5.7238215422870664e-03, 2.4372641742229462e-01,
       -2.3814530484687568e-02, -3.8076359508598201e-01,
       9.2436570295256626e-01, 6.0372650623321533e-01, 0., 0., 0., 1. ]
CameraMat: !!opencv-matrix
   rows: 3
   cols: 3
   dt: d
   data: [ 2.1624000000000001e+03, 0., 1.2565400000000000e+03, 0.,
       2.1530999999999999e+03, 7.7198969999999997e+02, 0., 0., 1. ]
DistCoeff: !!opencv-matrix
   rows: 1
   cols: 5
   dt: d
   data: [ -7.2909999999999997e-01, 7.5480000000000003e-01, 0., 0., 0. ]
ImageSize: [ 2560, 1536 ]
ReprojectionError: 0
DistModel: plumb_bob
