%YAML:1.0
---
CameraExtrinsicMat: !!opencv-matrix
   rows: 4
   cols: 4
   dt: d
   data: [ -4.0078708730995637e-02, -9.2523237359930977e-01,
       -3.7727808305047805e-01, 3.7345812320709229e+00,
       9.9862617942539811e-01, -4.9846549139657095e-02,
       1.6157824887661015e-02, 4.6785721182823181e-01,
       -3.3755753179103815e-02, -3.7611218590023798e-01,
       9.2595905565238457e-01, 5.8708357810974121e-01, 0., 0., 0., 1. ]
CameraMat: !!opencv-matrix
   rows: 3
   cols: 3
   dt: d
   data: [ 2.1624000000000001e+03, 0., 1.2565400000000000e+03, 0.,
       2.1530999999999999e+03, 7.7198969999999997e+02, 0., 0., 1. ]
DistCoeff: !!opencv-matrix
   rows: 1
   cols: 5
   dt: d
   data: [ -7.2909999999999997e-01, 7.5480000000000003e-01, 0., 0., 0. ]
ImageSize: [ 2560, 1536 ]
ReprojectionError: 0
DistModel: plumb_bob
