%YAML:1.0
---
CameraExtrinsicMat: !!opencv-matrix
   rows: 4
   cols: 4
   dt: d
   data: [ 5.2861813628012379e-03, -9.3811705529898370e-01,
       -3.4627799070077092e-01, -3.8015005588531494e+00,
       9.9994474559737823e-01, 1.8124251267590541e-03,
       1.0354750955688774e-02, -5.3044652938842773e-01,
       -9.0863655437153634e-03, -3.4631359440877213e-01,
       9.3807480100943030e-01, -7.0474088191986084e-01, 0., 0., 0., 1. ]
CameraMat: !!opencv-matrix
   rows: 3
   cols: 3
   dt: d
   data: [ 2.1624000000000001e+03, 0., 1.2565400000000000e+03, 0.,
       2.1530999999999999e+03, 7.7198969999999997e+02, 0., 0., 1. ]
DistCoeff: !!opencv-matrix
   rows: 1
   cols: 5
   dt: d
   data: [ 0., 0., 0., 0., 0. ]
ImageSize: [ 2560, 1536 ]
ReprojectionError: 0
DistModel: plumb_bob
