%YAML:1.0
---
CameraExtrinsicMat: !!opencv-matrix
   rows: 4
   cols: 4
   dt: d
   data: [ -4.5496178748180995e-02, -9.1666221056889663e-01,
       -3.9706484285851523e-01, 3.3489596843719482e+00,
       9.9886510731131639e-01, -4.7350897058256403e-02,
       -5.1371143388836971e-03, -1.8909713625907898e-01,
       -1.4092377913820064e-02, -3.9684793594363349e-01,
       9.1777618220457879e-01, 9.2832142114639282e-01, 0., 0., 0., 1. ]
CameraMat: !!opencv-matrix
   rows: 3
   cols: 3
   dt: d
   data: [ 2.1624000000000001e+03, 0., 1.2565400000000000e+03, 0.,
       2.1530999999999999e+03, 7.7198969999999997e+02, 0., 0., 1. ]
DistCoeff: !!opencv-matrix
   rows: 1
   cols: 5
   dt: d
   data: [ -7.2909999999999997e-01, 7.5480000000000003e-01, 0., 0., 0. ]
ImageSize: [ 2560, 1536 ]
ReprojectionError: 0
DistModel: plumb_bob
