%YAML:1.0
---
CameraExtrinsicMat: !!opencv-matrix
   rows: 4
   cols: 4
   dt: d
   data: [ -4.9288807933541200e-02, -9.2472432514898517e-01,
       -3.7743282301655279e-01, 3.1119918823242188e+00,
       9.9862884696148213e-01, -5.2299642778244053e-02,
       -2.2745069023734910e-03, 5.2232090383768082e-03,
       -1.7636309956205853e-02, -3.7702741258829187e-01,
       9.2603417362865537e-01, 5.4126137495040894e-01, 0., 0., 0., 1. ]
CameraMat: !!opencv-matrix
   rows: 3
   cols: 3
   dt: d
   data: [ 2.1624000000000001e+03, 0., 1.2565400000000000e+03, 0.,
       2.1530999999999999e+03, 7.7198969999999997e+02, 0., 0., 1. ]
DistCoeff: !!opencv-matrix
   rows: 1
   cols: 5
   dt: d
   data: [ -7.2909999999999997e-01, 7.5480000000000003e-01, 0., 0., 0. ]
ImageSize: [ 2560, 1536 ]
ReprojectionError: 0
DistModel: plumb_bob
