%YAML:1.0
---
CameraExtrinsicMat: !!opencv-matrix
   rows: 4
   cols: 4
   dt: d
   data: [ 3.5449013137966737e-02, -9.2461140901246275e-01,
       -3.7925863179568153e-01, -4.9102368354797363e+00,
       9.9931404135387825e-01, 2.8726367855109809e-02,
       2.3371832252351121e-02, -1.4158007502555847e-01,
       -1.0715139780860888e-02, -3.7982698444665691e-01,
       9.2499548521364972e-01, 8.1556431949138641e-02, 0., 0., 0., 1. ]
CameraMat: !!opencv-matrix
   rows: 3
   cols: 3
   dt: d
   data: [ 2.1624000000000001e+03, 0., 1.2565400000000000e+03, 0.,
       2.1530999999999999e+03, 7.7198969999999997e+02, 0., 0., 1. ]
DistCoeff: !!opencv-matrix
   rows: 1
   cols: 5
   dt: d
   data: [ 0., 0., 0., 0., 0. ]
ImageSize: [ 2560, 1536 ]
ReprojectionError: 0
DistModel: plumb_bob
