%YAML:1.0
---
CameraExtrinsicMat: !!opencv-matrix
   rows: 4
   cols: 4
   dt: d
   data: [ -3.6301811283270279e-02, -9.2402717082700991e-01,
       -3.8059948248911946e-01, 3.9372274875640869e+00,
       9.9841247567340241e-01, -4.9947444780153200e-02,
       2.6034230920868345e-02, 7.0815324783325195e-01,
       -4.3066308377447238e-02, -3.7905018181418315e-01,
       9.2437343792937554e-01, 6.5159481763839722e-01, 0., 0., 0., 1. ]
CameraMat: !!opencv-matrix
   rows: 3
   cols: 3
   dt: d
   data: [ 2.1624000000000001e+03, 0., 1.2565400000000000e+03, 0.,
       2.1530999999999999e+03, 7.7198969999999997e+02, 0., 0., 1. ]
DistCoeff: !!opencv-matrix
   rows: 1
   cols: 5
   dt: d
   data: [ -7.2909999999999997e-01, 7.5480000000000003e-01, 0., 0., 0. ]
ImageSize: [ 2560, 1536 ]
ReprojectionError: 0
DistModel: plumb_bob
